$ANSIBLE_VAULT;1.1;AES256
34616630313836316336346562353939316134636134633934383331653735333535653038326336
6461326436373839353535393464616137323237616233660a386564303334373433643032616233
34613233643966313066336365393234613733373266356238313463393632313664643766336264
3863626561396463630a313637383363333631363633383861313435326539393063393466373362
64656332343432386166333139313136326463336266613738616338346433386432656462303864
64376365383261633734306361643264356666336633623336326162613764376364623965373639
32303630303365383135346465663435326563383635613463643761653733613262366562653464
66343133353537633933396632323233613361633339646561383464353036343130396464326166
35393038306564333434323935346137303361633334326665663963613663316563656465653536
32326234316335626435303231346433306635393539353066616434333031613562393135386533
33383434623830343963333831663735363833363736393230343537323735343034346264626132
35623433636338663936636264373433663463393238616536386561643035636431363562306238
32366133636265383666343532633937316562343238383564363763336163333333653066373361
64613333343161663963383238343731613035323436613764313536633832366561636335646366
36653363626633326637613165653335376635386465306366656233386535393036356437313733
62643337343462336266376130366461366165633666613930353435636665393333366137353531
66373262663230653831386264346632363638343032646535326430343833653934343663383833
35656234356132316164346634623137356332643832323034326234616264356232633636323964
39396161336161363837336366373332616639356464626361386664366166353933643266363862
35366466393536373263306636363463613962666430663339313932623365383161323965653535
33343835663630333638336336393761613130303032313562623230653464396365326334353437
63623339336531323239303338316330366539393965383738343062386331666435666562336465
62306561353330656535616364663734343635643330393932326237353233393539653335363835
30346538376336383233613132663736623134363063313561306136613831313439383863633231
31386239323632623932373565663763393764343130663265663636333237343563303432396464
38383338336161303965373232333736353539306137303731303939326332366535343535663165
34313739616130623237316335656438636633366563323631653334633861623362313461343037
36396637666361373264633532363531323764376366386339313139383438356631353164326137
64323930643363666130366137656132616265383937636262366538323866343664333862303335
61393530396239326266616130333066346462663830356433623262303232313565623365303531
33373739623038663834383563353837386563343135353331613439343030656234633836643530
33396638376235336361323161666232633638633266646535316531393630366630303466366334
64616438363333613064626262663436393132316435643162376634303634646537376230363265
39356661633565306365313237353432656237336236363639383263343431346364333662366130
64633865386534353538636663393461653431343062336164383466306233316266353738383937
62623437623866343737613665646632373635346432373132326663336234346330663334316434
63356336313139313065623161333461306161383664656230313638653130656365356130373531
31363566306433626663653837616366623733646135383333656139323063353734303865303833
61653033363332626261386330656564613530646363353731613563613962333232333139643536
34313932363335653136626232333338363833376163346666323664323638643432383831316262
61633435323366333161656464373961303135616334643037376436313935623463343130376338
65643161326232386666373433363631626562663261663862626535303363373731356164313466
37373762633132666633663039343236663564666439663139666262343166623761386638663261
61663934306538373434323565666562363336346538363566613431656437336333356165396532
33303938376565623839623939646339303865346464356233643731613136306162373734333338
63636239323231333164343464386261343661306362616133643833396664373864313739396663
33353633623832303862323135363536656364653832303233333836316561363639336435396630
36663037383031383463373564353433373130396330366237643038363534343462616663663437
37666162373534373566336630393761313238303234363038323334623039643937323363653038
65656635323566393061616131653535383232313538303464626437616536303130616565316137
35306462656161393739383336303237386635316166373866623735376364666336616363613465
61323836376339643364356532386261643835396231656230646362646234643232393337613164
62613532626263363433383463306137383835633231633331666166326262313061663332333034
63643439656538386538396430626131346633313734303937313133306236303161363162623863
36653233383565653638353564323062626536633630383731313361656162366239386164623730
35613864626432323532656530363233373161613665666634353962656530373632383766646439
61616638633932646631343634623233666364376436306561663630356231316330626666623833
33303166636132623863616332356133353930626133376139663737343337633535623630396438
31353334383562313239636235633438353535383830333835376366663761326134666339303435
61313162376236306466663038336465633863623865616662383765366461303963623534653732
36373733383663626433336436333838333335376339386631383864366432376262613365646238
63643635653536623165346133306265393666303930393964313264653936643138613033313434
31383831346262303566663633366663653265396163656336313364316637333465366362373537
31306430313466613464373065333537396461326536343461653661376665326236323762396262
35613238643039366536386264393064613835326135663136316434383134306266633333663166
33313865376132333062646231346562326666393334393239393334613765653832623065623731
31343335636635633031386639653830656665613436613261303161653566663330316362386534
35356633313733373336313432313232633734383036666263376637316433323238333633383633
32313464646462336665643032623163656364303664366239616365663038353839313834613932
65316631613164303630633361313664303930626638326537656435386636656333376163383734
39356339323434343937613162613139306164643432363031303263663263383439666134303737
63343232366531656132303038323438323632336637636532373939386163353563646363313630
38366432616333303363363430316332626139636630373162343631623865313037653735396535
34303532623234303764333539383364663535353833336234326434313238633966643030616263
33303961393564313932653233303835363132363539656438663463393238326632303966383937
33336132383465643565626665313462373961326166626363386563323964653266306362346663
36376665626165393734303563326662626130383132623336356135396337376232663636353436
38356165653461373634353062333865343030343837653661363236363464613139623062336531
35663062613439663839386462303366373761366164626562326330303066333536323336333436
30373233373534656639326536353831636432623062363236316262666465306238323830383061
65666633393563666565656339353830353863373361626535303438666136633037616634663139
34353033383936613330666631313565353538336430396630393535336531363036663830303365
33373238666236323439313632393730663061323865653832373533303338666137393966386339
39363263393937643137313865656236353536376463353039663839346565333630393865333135
37653138333133353432396533366663653363336336386636353839336532333932646565323763
31376231346562393166396336636164643438373535386239396463643765343734336361326330
36373165393932396166333130386331303866393234343564643664623136623365663034306330
65363961646438643831343339313661356636396336613230393333363063626439396432313264
34313563656534333532613137613263396532623662663031643939313534643739316433623531
61643664323238643432633835643234633664336136613433303230313663613035393331303038
35383539663330386432636639346436663533643833326662376436343063316434386462343439
33643037333066616334323364636332346536303034666138656139353863613864306632363365
31613366336139353966323636306634363366313862303731363932366236643234633532316538
37323031316661313433323431393139303036383863656230386564373139333839623064346333
61383033366136633764636534356564366431633464383133306433643634333634633731393738
34303861636235656331303238393335633337396533386266306536363433363964356336343737
38323465393335326538333931303261383766663161386565636464396234326264353466353162
64376333353830393739633237373663633864623839303436346331323066303834646137393261
34643934303862656137623263356464653939653964393036333536323761313131343266643634
64383631633733613430653136626330313731353366343238323162306131386231353463336663
33396333313766383938613365356236383765656437313862353964393337363034313432336335
33336336346638303766396532396636326461653166333233336365383761323662643530333061
38373533643963663533376632316439623161333438643162643135323235326135363362323935
35303838393032626431616235366564616632303763386166383236336334613861346537373365
63666566306366346631316262346433366631346638303335333365653963393034626535303637
36326133346534626134643564356266323436396231323365366330343666653831343436326263
63313835376337313564323764343138653031366133343332313838303566333437343337343633
62323962383836613566626637373364316439313466613330613736633031656137316439336163
66623462356136653636346232306462363438343462613231393537336134613466333065613836
61346232616637383238363063356462336561353063646561323739383931303636323935663364
35646262363163646564373039393435623464363535373735366262643938396363626263653665
38303865303131326232656335653134646334643338313238353130396430646361373231363133
37626463663165653861336262393039613966303164353130376431353831613063383037653065
36333836623862373166373230353366626461306563646338323965663763383763356438336334
32616466353161343965353832656535636366346634653131636133636165306433373333313936
30663339653537363038663333616363356564613363373934636139303633376533613037393964
39646531616132623839376266313237373637303462326137643162623536666665366538643238
64396165646663383961646432653366316462633735343630356533353738646566383461356362
62613562323163626238666335623238626331313065396164663366313738643239626333653639
39646562633262326561386466393438356136643866353636653530626337376335343661393030
61316265646535386361313731636632333361326466643432633737616363386532376336303033
35303331303963666331626464313265386231376634656237643634386135393733633064343530
61306133613736636334363937336538333933356138383139346231323730653934626462636166
32363636653132656338663333666630383861346430636461613236323661363464356135373935
34366637633939346531613739623464303730613333653762363733316630366132303763626439
33646631373330653438306130626537383464343161313661623065343732626635653466343935
66643032353263626231623365316162643065643963363365396434373062356236643836663762
35383763383661333064623563333139643031333563636362663238616534343036323764353261
36303031633033663236343436366433643533336532363030653564343835383739306132656638
34343861633438653861633064346531636165643837636637383362393935613063383236376261
32663465343634663231666265613033303033383461383163333766373463336333323038363362
33333238396132616332376632366231343236376633633737333632336264316363373361643336
31306636646337333535643638356538366362636237623265626135336663633733306632633633
32336339306162396161313263646337346261643565393265353333303866656437373833653933
656236356662326537376164633735623133
