$ANSIBLE_VAULT;1.1;AES256
30343934616637346665633935643763633762386530383961626236303366663238393838393663
3231353935646135623237646161393738336438323336340a656235393065623230653532303061
62363533613562313837343631333863656536623565306564316235373039393564633730383564
3739396161666362650a313839663437373161343734333633383336646265313732663161326536
31353833626465393534633539386138373062373531353565323537353736353738323935353536
65666236313537303161303035346135346138613439393038336432323635393238626233353934
65373134393862363736656233366132396361306435346566366464616634656164646438336237
63643865376462363334343034646133346433333761316131366339383238616332313064393037
33303764646232383733393039383662626438396239393766336233376362653439313134366563
65663933346661613237383135336133366666653739346433306430353761346365353234316530
33323761643666653564313035623966373562376135373461323433323736373364303037313634
33363066636434616630376334316637643164313264626361356566626563653066333263343262
36626332353537636236633563383031376663303533303861656563653165393131613165326165
37376333363664636330656161316231376162356561626461613334663735396134376236613139
66346264613666396135376666396539393938646636343764303330323931653261663136313866
32393734313532323536383866343663353864303134633634393034316135656435623735323634
65633731336632383934373434333163353865663265396265333938636261373035636433646361
30633861643930343234656232346339646430336238386566316465633735643638666562353833
35306533386166333237626536613661656636393464313331366166666139393937303035663036
36346532306561653365383333616364303038396634346466653666333535666661396162326164
31616631643138356565383265636665363131356563653662383535396463653732653137346231
36653237343339346435393533373137633133353861663135653438366163633231613237386430
33303361333965626432313435316633626466346362366637623832366333313263393861333962
39303533386463393139353765366238303230363037656132646263323930306261313763393839
34303038666632366436383366656239346532333762663863333437356462643132
